years: [2000, 2100]
trends: [1, 1]
season: [0.01, 0.01, 0.01, 0.1357, 0.1357, 0.1357, 0.1357, 0.1357, 0.1357, 0.1358, 0.01, 0.01]
week: [0.140893471, 0.140893471, 0.140893471, 0.140893471, 0.140893471, 0.147766323, 0.147766323]
diurn_weekday: [0, 0, 0, 0, 0, 0, 0, 0, 0.012195122, 0.036585366, 0.073170732, 0.085365854, 0.085365854, 0.097560976, 0.097560976, 0.109756098, 0.085365854, 0.097560976, 0.073170732, 0.06097561, 0.048780488, 0.036585366, 0, 0]
diurn_saturday: [0, 0, 0, 0, 0, 0, 0, 0, 0.011627907, 0.046511628, 0.069767442, 0.093023256, 0.081395349, 0.093023256, 0.093023256, 0.104651163, 0.081395349, 0.104651163, 0.081395349, 0.058139535, 0.046511628, 0.034883721, 0, 0]
diurn_sunday: [0, 0, 0, 0, 0, 0, 0, 0, 0.011627907, 0.046511628, 0.069767442, 0.093023256, 0.081395349, 0.093023256, 0.093023256, 0.104651163, 0.081395349, 0.104651163, 0.081395349, 0.058139535, 0.046511628, 0.034883721, 0, 0]